1	0.006896551724137931
2	0.006944444444444444
3	0.006993006993006993
4	0.007142857142857143
5	0.0072992700729927005
6	0.007407407407407408
7	0.007633587786259542
8	0.0078125
9	0.0078125
10	0.0078125
11	0.0078125
12	0.0078125
13	0.007936507936507936
14	0.008
15	0.008
16	0.008130081300813009
17	0.00819672131147541
18	0.00847457627118644
19	0.008620689655172414
20	0.008620689655172414
21	0.008620689655172414
22	0.008620689655172414
23	0.008695652173913044
24	0.008771929824561403
25	0.008849557522123894
26	0.008928571428571428
27	0.009009009009009009
28	0.00909090909090909
29	0.00909090909090909
30	0.00909090909090909
31	0.00909090909090909
32	0.00909090909090909
33	0.009174311926605505
34	0.009345794392523364
35	0.009523809523809525
36	0.009615384615384616
37	0.009615384615384616
38	0.009615384615384616
39	0.009615384615384616
40	0.009615384615384616
41	0.009615384615384616
42	0.009615384615384616
43	0.009708737864077669
44	0.00980392156862745
45	0.00980392156862745
46	0.01
47	0.01
48	0.01
49	0.01
50	0.010101010101010102
51	0.01020408163265306
52	0.01020408163265306
53	0.010309278350515464
54	0.010309278350515464
55	0.010416666666666666
56	0.010416666666666666
57	0.010416666666666666
58	0.010416666666666666
59	0.010416666666666666
60	0.010416666666666666
61	0.010526315789473684
62	0.010526315789473684
63	0.010526315789473684
64	0.010526315789473684
65	0.010752688172043012
66	0.010752688172043012
67	0.010869565217391304
68	0.010869565217391304
69	0.010869565217391304
70	0.010869565217391304
71	0.01098901098901099
72	0.01098901098901099
73	0.01098901098901099
74	0.01098901098901099
75	0.011235955056179775
76	0.011235955056179775
77	0.011235955056179775
78	0.011235955056179775
79	0.011363636363636364
80	0.011494252873563218
81	0.011494252873563218
82	0.011494252873563218
83	0.011627906976744186
84	0.011627906976744186
85	0.011627906976744186
86	0.011627906976744186
87	0.012048192771084338
88	0.012195121951219513
89	0.012195121951219513
90	0.012195121951219513
91	0.012195121951219513
92	0.012195121951219513
93	0.012195121951219513
94	0.012345679012345678
95	0.012345679012345678
96	0.012345679012345678
97	0.012658227848101266
98	0.01282051282051282
99	0.01282051282051282
100	0.01282051282051282
101	0.01282051282051282
102	0.01282051282051282
103	0.01282051282051282
104	0.01282051282051282
105	0.01282051282051282
106	0.01282051282051282
107	0.01282051282051282
108	0.012987012987012988
109	0.012987012987012988
110	0.012987012987012988
111	0.012987012987012988
112	0.012987012987012988
113	0.012987012987012988
114	0.013157894736842105
115	0.013333333333333334
116	0.013513513513513514
117	0.013513513513513514
118	0.013513513513513514
119	0.013513513513513514
120	0.013513513513513514
121	0.013513513513513514
122	0.013513513513513514
123	0.0136986301369863
124	0.0136986301369863
125	0.0136986301369863
126	0.0136986301369863
127	0.014285714285714285
128	0.014285714285714285
129	0.014285714285714285
130	0.014285714285714285
131	0.014285714285714285
132	0.014285714285714285
133	0.014285714285714285
134	0.014285714285714285
135	0.014285714285714285
136	0.014285714285714285
137	0.014285714285714285
138	0.014285714285714285
139	0.014285714285714285
140	0.014285714285714285
141	0.014285714285714285
142	0.014285714285714285
143	0.014285714285714285
144	0.014705882352941176
145	0.014705882352941176
146	0.014705882352941176
147	0.014705882352941176
148	0.014705882352941176
149	0.015384615384615385
150	0.015384615384615385
151	0.015384615384615385
152	0.015384615384615385
153	0.015384615384615385
154	0.015384615384615385
155	0.015384615384615385
156	0.015384615384615385
157	0.015384615384615385
158	0.015384615384615385
159	0.015384615384615385
160	0.015625
161	0.015873015873015872
162	0.015873015873015872
163	0.015873015873015872
164	0.01639344262295082
165	0.01639344262295082
166	0.01639344262295082
167	0.01639344262295082
168	0.01639344262295082
169	0.01639344262295082
170	0.01639344262295082
171	0.01639344262295082
172	0.01639344262295082
173	0.01639344262295082
174	0.01639344262295082
175	0.01639344262295082
176	0.01639344262295082
177	0.01639344262295082
178	0.01639344262295082
179	0.01639344262295082
180	0.01639344262295082
181	0.01639344262295082
182	0.01639344262295082
183	0.016666666666666666
184	0.016666666666666666
185	0.016666666666666666
186	0.016666666666666666
187	0.016666666666666666
188	0.016666666666666666
189	0.016666666666666666
190	0.016666666666666666
191	0.016666666666666666
192	0.01694915254237288
193	0.01694915254237288
194	0.01694915254237288
195	0.01694915254237288
196	0.01694915254237288
197	0.01694915254237288
198	0.01694915254237288
199	0.01694915254237288
200	0.017241379310344827
201	0.017241379310344827
202	0.017241379310344827
203	0.017543859649122806
204	0.017543859649122806
205	0.017543859649122806
206	0.017543859649122806
207	0.017543859649122806
208	0.017543859649122806
209	0.017543859649122806
210	0.017543859649122806
211	0.017543859649122806
212	0.017543859649122806
213	0.017543859649122806
214	0.017857142857142856
215	0.017857142857142856
216	0.01818181818181818
217	0.01818181818181818
218	0.01818181818181818
219	0.01818181818181818
220	0.01818181818181818
221	0.01818181818181818
222	0.01818181818181818
223	0.01818181818181818
224	0.01818181818181818
225	0.01818181818181818
226	0.01818181818181818
227	0.018518518518518517
228	0.018518518518518517
229	0.018518518518518517
230	0.018518518518518517
231	0.018518518518518517
232	0.018518518518518517
233	0.018518518518518517
234	0.018518518518518517
235	0.018518518518518517
236	0.018518518518518517
237	0.018518518518518517
238	0.018518518518518517
239	0.018518518518518517
240	0.018867924528301886
241	0.018867924528301886
242	0.018867924528301886
243	0.018867924528301886
244	0.018867924528301886
245	0.018867924528301886
246	0.018867924528301886
247	0.018867924528301886
248	0.0196078431372549
249	0.0196078431372549
250	0.0196078431372549
251	0.0196078431372549
252	0.0196078431372549
253	0.0196078431372549
254	0.0196078431372549
255	0.0196078431372549
256	0.0196078431372549
257	0.0196078431372549
258	0.0196078431372549
259	0.0196078431372549
260	0.0196078431372549
261	0.0196078431372549
262	0.0196078431372549
263	0.0196078431372549
264	0.0196078431372549
265	0.0196078431372549
266	0.02
267	0.02
268	0.02
269	0.02
270	0.02
271	0.02
272	0.02
273	0.02040816326530612
274	0.02040816326530612
275	0.02040816326530612
276	0.020833333333333332
277	0.020833333333333332
278	0.020833333333333332
279	0.020833333333333332
280	0.020833333333333332
281	0.02127659574468085
282	0.02127659574468085
283	0.02127659574468085
284	0.02127659574468085
285	0.02127659574468085
286	0.02127659574468085
287	0.02127659574468085
288	0.021739130434782608
289	0.021739130434782608
290	0.021739130434782608
291	0.021739130434782608
292	0.021739130434782608
293	0.021739130434782608
294	0.021739130434782608
295	0.021739130434782608
296	0.021739130434782608
297	0.021739130434782608
298	0.021739130434782608
299	0.021739130434782608
300	0.021739130434782608
301	0.021739130434782608
302	0.021739130434782608
303	0.021739130434782608
304	0.021739130434782608
305	0.021739130434782608
306	0.021739130434782608
307	0.021739130434782608
308	0.021739130434782608
309	0.021739130434782608
310	0.021739130434782608
311	0.021739130434782608
312	0.021739130434782608
313	0.021739130434782608
314	0.021739130434782608
315	0.021739130434782608
316	0.021739130434782608
317	0.021739130434782608
318	0.021739130434782608
319	0.021739130434782608
320	0.021739130434782608
321	0.022222222222222223
322	0.022222222222222223
323	0.022727272727272728
324	0.022727272727272728
325	0.022727272727272728
326	0.022727272727272728
327	0.022727272727272728
328	0.022727272727272728
329	0.022727272727272728
330	0.022727272727272728
331	0.022727272727272728
332	0.022727272727272728
333	0.022727272727272728
334	0.022727272727272728
335	0.022727272727272728
336	0.023255813953488372
337	0.023255813953488372
338	0.023255813953488372
339	0.023255813953488372
340	0.023255813953488372
341	0.023255813953488372
342	0.023255813953488372
343	0.023255813953488372
344	0.023255813953488372
345	0.023255813953488372
346	0.023255813953488372
347	0.023255813953488372
348	0.023255813953488372
349	0.023255813953488372
350	0.023255813953488372
351	0.023255813953488372
352	0.023255813953488372
353	0.023255813953488372
354	0.023255813953488372
355	0.023255813953488372
356	0.023255813953488372
357	0.023255813953488372
358	0.023255813953488372
359	0.023255813953488372
360	0.023255813953488372
361	0.023255813953488372
362	0.023255813953488372
363	0.023255813953488372
364	0.023809523809523808
365	0.023809523809523808
366	0.023809523809523808
367	0.023809523809523808
368	0.023809523809523808
369	0.023809523809523808
370	0.023809523809523808
371	0.023809523809523808
372	0.023809523809523808
373	0.023809523809523808
374	0.023809523809523808
375	0.023809523809523808
376	0.023809523809523808
377	0.023809523809523808
378	0.023809523809523808
379	0.023809523809523808
380	0.023809523809523808
381	0.023809523809523808
382	0.023809523809523808
383	0.023809523809523808
384	0.023809523809523808
385	0.023809523809523808
386	0.023809523809523808
387	0.023809523809523808
388	0.023809523809523808
389	0.023809523809523808
390	0.023809523809523808
391	0.023809523809523808
392	0.024390243902439025
393	0.024390243902439025
394	0.024390243902439025
395	0.024390243902439025
396	0.024390243902439025
397	0.024390243902439025
398	0.024390243902439025
399	0.024390243902439025
400	0.024390243902439025
401	0.024390243902439025
402	0.024390243902439025
403	0.024390243902439025
404	0.024390243902439025
405	0.024390243902439025
406	0.024390243902439025
407	0.024390243902439025
408	0.024390243902439025
409	0.024390243902439025
410	0.024390243902439025
411	0.024390243902439025
412	0.024390243902439025
413	0.024390243902439025
414	0.024390243902439025
415	0.024390243902439025
416	0.024390243902439025
417	0.024390243902439025
418	0.024390243902439025
419	0.024390243902439025
420	0.024390243902439025
421	0.024390243902439025
422	0.024390243902439025
423	0.024390243902439025
424	0.024390243902439025
425	0.024390243902439025
426	0.024390243902439025
427	0.024390243902439025
428	0.024390243902439025
429	0.024390243902439025
430	0.024390243902439025
431	0.024390243902439025
432	0.024390243902439025
433	0.024390243902439025
434	0.02564102564102564
435	0.02564102564102564
436	0.02564102564102564
437	0.02564102564102564
438	0.02564102564102564
439	0.02564102564102564
440	0.02564102564102564
441	0.02564102564102564
442	0.02564102564102564
443	0.02564102564102564
444	0.02564102564102564
445	0.02564102564102564
446	0.02564102564102564
447	0.02564102564102564
448	0.02564102564102564
449	0.02564102564102564
450	0.02564102564102564
451	0.02564102564102564
452	0.02564102564102564
453	0.02564102564102564
454	0.02564102564102564
455	0.02631578947368421
456	0.02631578947368421
457	0.02631578947368421
458	0.02631578947368421
459	0.02702702702702703
460	0.02702702702702703
461	0.02702702702702703
462	0.02702702702702703
463	0.02702702702702703
464	0.02702702702702703
465	0.02702702702702703
466	0.02702702702702703
467	0.02702702702702703
468	0.02702702702702703
469	0.02702702702702703
470	0.02702702702702703
471	0.02702702702702703
472	0.02702702702702703
473	0.02702702702702703
474	0.02702702702702703
475	0.02702702702702703
476	0.02702702702702703
477	0.02702702702702703
478	0.02702702702702703
479	0.02702702702702703
480	0.02702702702702703
481	0.02702702702702703
482	0.02702702702702703
483	0.02702702702702703
484	0.02702702702702703
485	0.02702702702702703
486	0.02702702702702703
487	0.02702702702702703
488	0.02702702702702703
489	0.02702702702702703
490	0.02702702702702703
491	0.02702702702702703
492	0.02702702702702703
493	0.02702702702702703
494	0.02702702702702703
495	0.027777777777777776
496	0.027777777777777776
497	0.027777777777777776
498	0.027777777777777776
499	0.027777777777777776
500	0.027777777777777776
501	0.027777777777777776
502	0.027777777777777776
503	0.027777777777777776
504	0.027777777777777776
505	0.027777777777777776
506	0.027777777777777776
507	0.027777777777777776
508	0.027777777777777776
509	0.027777777777777776
510	0.027777777777777776
511	0.027777777777777776
512	0.027777777777777776
513	0.027777777777777776
514	0.027777777777777776
515	0.027777777777777776
516	0.027777777777777776
517	0.027777777777777776
518	0.027777777777777776
519	0.027777777777777776
520	0.02857142857142857
521	0.02857142857142857
522	0.02857142857142857
523	0.02857142857142857
524	0.02857142857142857
525	0.02857142857142857
526	0.02857142857142857
527	0.02857142857142857
528	0.02857142857142857
529	0.02857142857142857
530	0.02857142857142857
531	0.02857142857142857
532	0.02857142857142857
533	0.02857142857142857
534	0.02857142857142857
535	0.02857142857142857
536	0.02857142857142857
537	0.02857142857142857
538	0.02857142857142857
539	0.02857142857142857
540	0.02857142857142857
541	0.02857142857142857
542	0.02857142857142857
543	0.02857142857142857
544	0.02857142857142857
545	0.02857142857142857
546	0.02857142857142857
547	0.02857142857142857
548	0.02857142857142857
549	0.02857142857142857
550	0.02857142857142857
551	0.02857142857142857
552	0.029411764705882353
553	0.029411764705882353
554	0.029411764705882353
555	0.029411764705882353
556	0.029411764705882353
557	0.029411764705882353
558	0.029411764705882353
559	0.029411764705882353
560	0.03125
561	0.03125
562	0.03125
563	0.03125
564	0.03225806451612903
565	0.03225806451612903
566	0.03225806451612903
567	0.03225806451612903
568	0.03225806451612903
569	0.03225806451612903
570	0.03225806451612903
571	0.03225806451612903
572	0.03225806451612903
573	0.03225806451612903
574	0.03225806451612903
575	0.03225806451612903
576	0.03225806451612903
577	0.03225806451612903
578	0.03225806451612903
579	0.03225806451612903
580	0.03225806451612903
581	0.03225806451612903
582	0.03225806451612903
583	0.03225806451612903
584	0.03225806451612903
585	0.03225806451612903
586	0.03333333333333333
587	0.03333333333333333
588	0.03333333333333333
589	0.03333333333333333
590	0.03333333333333333
591	0.03333333333333333
592	0.03333333333333333
593	0.03333333333333333
594	0.03333333333333333
595	0.03333333333333333
596	0.03333333333333333
597	0.03333333333333333
598	0.03333333333333333
599	0.03333333333333333
600	0.03333333333333333
601	0.03333333333333333
602	0.03333333333333333
603	0.034482758620689655
604	0.034482758620689655
605	0.034482758620689655
606	0.034482758620689655
607	0.034482758620689655
608	0.034482758620689655
609	0.034482758620689655
610	0.034482758620689655
611	0.034482758620689655
612	0.03571428571428571
613	0.03571428571428571
614	0.03571428571428571
615	0.03571428571428571
616	0.03571428571428571
617	0.03571428571428571
618	0.03571428571428571
619	0.03571428571428571
620	0.03571428571428571
621	0.03571428571428571
622	0.03571428571428571
623	0.03571428571428571
624	0.03571428571428571
625	0.03571428571428571
626	0.03571428571428571
627	0.03571428571428571
628	0.03571428571428571
629	0.03571428571428571
630	0.03571428571428571
631	0.03571428571428571
632	0.03571428571428571
633	0.03571428571428571
634	0.03571428571428571
635	0.03571428571428571
636	0.03571428571428571
637	0.03571428571428571
638	0.03571428571428571
639	0.03571428571428571
640	0.03571428571428571
641	0.03571428571428571
642	0.03571428571428571
643	0.03571428571428571
644	0.03571428571428571
645	0.03571428571428571
646	0.03571428571428571
647	0.03571428571428571
648	0.03571428571428571
649	0.03571428571428571
650	0.03571428571428571
651	0.03571428571428571
652	0.03571428571428571
653	0.03571428571428571
654	0.03571428571428571
655	0.03571428571428571
656	0.03571428571428571
657	0.03571428571428571
658	0.03571428571428571
659	0.03571428571428571
660	0.03571428571428571
661	0.03571428571428571
662	0.03571428571428571
663	0.03571428571428571
664	0.03571428571428571
665	0.03571428571428571
666	0.03571428571428571
667	0.03571428571428571
668	0.03571428571428571
669	0.03571428571428571
670	0.03571428571428571
671	0.03571428571428571
672	0.03571428571428571
673	0.03571428571428571
674	0.03571428571428571
675	0.03571428571428571
676	0.03571428571428571
677	0.03571428571428571
678	0.03571428571428571
679	0.03571428571428571
680	0.03571428571428571
681	0.03571428571428571
682	0.03571428571428571
683	0.03571428571428571
684	0.03571428571428571
685	0.03571428571428571
686	0.03571428571428571
687	0.03571428571428571
688	0.03571428571428571
689	0.03571428571428571
690	0.03571428571428571
691	0.03571428571428571
692	0.03571428571428571
693	0.03571428571428571
694	0.03571428571428571
695	0.03571428571428571
696	0.03571428571428571
697	0.03571428571428571
698	0.03571428571428571
699	0.03571428571428571
700	0.03571428571428571
701	0.03571428571428571
702	0.03571428571428571
703	0.03571428571428571
704	0.03571428571428571
705	0.03571428571428571
706	0.03571428571428571
707	0.03571428571428571
708	0.03571428571428571
709	0.03571428571428571
710	0.03571428571428571
711	0.03571428571428571
712	0.03571428571428571
713	0.03571428571428571
714	0.03571428571428571
715	0.03571428571428571
716	0.037037037037037035
717	0.037037037037037035
718	0.037037037037037035
719	0.037037037037037035
720	0.037037037037037035
721	0.037037037037037035
722	0.037037037037037035
723	0.037037037037037035
724	0.037037037037037035
725	0.037037037037037035
726	0.037037037037037035
727	0.038461538461538464
728	0.038461538461538464
729	0.038461538461538464
730	0.038461538461538464
731	0.038461538461538464
732	0.038461538461538464
733	0.038461538461538464
734	0.038461538461538464
735	0.038461538461538464
736	0.038461538461538464
737	0.038461538461538464
738	0.038461538461538464
739	0.038461538461538464
740	0.038461538461538464
741	0.038461538461538464
742	0.038461538461538464
743	0.038461538461538464
744	0.038461538461538464
745	0.038461538461538464
746	0.038461538461538464
747	0.038461538461538464
748	0.038461538461538464
749	0