1	0.006896551724137931
2	0.006993006993006993
3	0.007042253521126761
4	0.0070921985815602835
5	0.007246376811594203
6	0.007246376811594203
7	0.0072992700729927005
8	0.007407407407407408
9	0.007462686567164179
10	0.007462686567164179
11	0.007633587786259542
12	0.007751937984496124
13	0.007874015748031496
14	0.007874015748031496
15	0.007874015748031496
16	0.007874015748031496
17	0.007936507936507936
18	0.007936507936507936
19	0.008
20	0.008
21	0.008064516129032258
22	0.00819672131147541
23	0.008264462809917356
24	0.008333333333333333
25	0.008333333333333333
26	0.008620689655172414
27	0.008771929824561403
28	0.008771929824561403
29	0.008928571428571428
30	0.008928571428571428
31	0.009259259259259259
32	0.009259259259259259
33	0.009259259259259259
34	0.009259259259259259
35	0.009433962264150943
36	0.009523809523809525
37	0.009523809523809525
38	0.009523809523809525
39	0.009523809523809525
40	0.009708737864077669
41	0.00980392156862745
42	0.00980392156862745
43	0.010416666666666666
44	0.010416666666666666
45	0.010526315789473684
46	0.010526315789473684
47	0.010526315789473684
48	0.010526315789473684
49	0.010752688172043012
50	0.010869565217391304
51	0.011111111111111112
52	0.011235955056179775
53	0.011235955056179775
54	0.011235955056179775
55	0.011235955056179775
56	0.011235955056179775
57	0.011235955056179775
58	0.011235955056179775
59	0.011235955056179775
60	0.011235955056179775
61	0.011363636363636364
62	0.011363636363636364
63	0.011363636363636364
64	0.011363636363636364
65	0.011363636363636364
66	0.011363636363636364
67	0.011494252873563218
68	0.011494252873563218
69	0.011494252873563218
70	0.011494252873563218
71	0.011494252873563218
72	0.011627906976744186
73	0.011764705882352941
74	0.011904761904761904
75	0.011904761904761904
76	0.011904761904761904
77	0.011904761904761904
78	0.011904761904761904
79	0.011904761904761904
80	0.011904761904761904
81	0.011904761904761904
82	0.011904761904761904
83	0.012048192771084338
84	0.012048192771084338
85	0.012048192771084338
86	0.012048192771084338
87	0.012048192771084338
88	0.012048192771084338
89	0.012048192771084338
90	0.012048192771084338
91	0.012048192771084338
92	0.012195121951219513
93	0.012195121951219513
94	0.012345679012345678
95	0.012345679012345678
96	0.012345679012345678
97	0.012345679012345678
98	0.012658227848101266
99	0.012658227848101266
100	0.012658227848101266
101	0.012658227848101266
102	0.012658227848101266
103	0.012658227848101266
104	0.012658227848101266
105	0.012658227848101266
106	0.012658227848101266
107	0.012658227848101266
108	0.012658227848101266
109	0.012658227848101266
110	0.01282051282051282
111	0.01282051282051282
112	0.01282051282051282
113	0.01282051282051282
114	0.01282051282051282
115	0.01282051282051282
116	0.01282051282051282
117	0.01282051282051282
118	0.013157894736842105
119	0.013333333333333334
120	0.013513513513513514
121	0.013513513513513514
122	0.013513513513513514
123	0.013513513513513514
124	0.013513513513513514
125	0.013888888888888888
126	0.013888888888888888
127	0.014084507042253521
128	0.014084507042253521
129	0.014084507042253521
130	0.014084507042253521
131	0.014084507042253521
132	0.014084507042253521
133	0.014084507042253521
134	0.014084507042253521
135	0.014084507042253521
136	0.014084507042253521
137	0.014084507042253521
138	0.014084507042253521
139	0.014285714285714285
140	0.014285714285714285
141	0.014285714285714285
142	0.014285714285714285
143	0.014285714285714285
144	0.014285714285714285
145	0.014285714285714285
146	0.014285714285714285
147	0.014492753623188406
148	0.014492753623188406
149	0.014492753623188406
150	0.014492753623188406
151	0.014492753623188406
152	0.014492753623188406
153	0.014492753623188406
154	0.014492753623188406
155	0.014705882352941176
156	0.014705882352941176
157	0.014705882352941176
158	0.014925373134328358
159	0.014925373134328358
160	0.014925373134328358
161	0.014925373134328358
162	0.014925373134328358
163	0.014925373134328358
164	0.015151515151515152
165	0.015151515151515152
166	0.015151515151515152
167	0.015151515151515152
168	0.015873015873015872
169	0.015873015873015872
170	0.015873015873015872
171	0.015873015873015872
172	0.015873015873015872
173	0.015873015873015872
174	0.015873015873015872
175	0.015873015873015872
176	0.015873015873015872
177	0.015873015873015872
178	0.015873015873015872
179	0.015873015873015872
180	0.015873015873015872
181	0.015873015873015872
182	0.015873015873015872
183	0.015873015873015872
184	0.016129032258064516
185	0.01639344262295082
186	0.01639344262295082
187	0.01639344262295082
188	0.01639344262295082
189	0.01639344262295082
190	0.01639344262295082
191	0.01639344262295082
192	0.01639344262295082
193	0.01639344262295082
194	0.01639344262295082
195	0.01639344262295082
196	0.01639344262295082
197	0.01639344262295082
198	0.01639344262295082
199	0.01694915254237288
200	0.01694915254237288
201	0.01694915254237288
202	0.01694915254237288
203	0.01694915254237288
204	0.01694915254237288
205	0.01694915254237288
206	0.01694915254237288
207	0.01694915254237288
208	0.01694915254237288
209	0.01694915254237288
210	0.01694915254237288
211	0.01694915254237288
212	0.01694915254237288
213	0.01694915254237288
214	0.01694915254237288
215	0.01694915254237288
216	0.01694915254237288
217	0.01694915254237288
218	0.01694915254237288
219	0.01694915254237288
220	0.01694915254237288
221	0.017241379310344827
222	0.017241379310344827
223	0.017241379310344827
224	0.017241379310344827
225	0.017241379310344827
226	0.017241379310344827
227	0.017241379310344827
228	0.017241379310344827
229	0.017241379310344827
230	0.017543859649122806
231	0.017543859649122806
232	0.017543859649122806
233	0.017543859649122806
234	0.01818181818181818
235	0.01818181818181818
236	0.01818181818181818
237	0.01818181818181818
238	0.01818181818181818
239	0.01818181818181818
240	0.018518518518518517
241	0.018518518518518517
242	0.018518518518518517
243	0.018518518518518517
244	0.018518518518518517
245	0.018518518518518517
246	0.018518518518518517
247	0.018518518518518517
248	0.018518518518518517
249	0.018518518518518517
250	0.018518518518518517
251	0.018518518518518517
252	0.018518518518518517
253	0.018518518518518517
254	0.018518518518518517
255	0.018518518518518517
256	0.018867924528301886
257	0.019230769230769232
258	0.0196078431372549
259	0.0196078431372549
260	0.0196078431372549
261	0.0196078431372549
262	0.0196078431372549
263	0.0196078431372549
264	0.0196078431372549
265	0.0196078431372549
266	0.0196078431372549
267	0.0196078431372549
268	0.0196078431372549
269	0.0196078431372549
270	0.0196078431372549
271	0.0196078431372549
272	0.0196078431372549
273	0.0196078431372549
274	0.0196078431372549
275	0.02
276	0.02
277	0.02
278	0.02
279	0.02
280	0.02
281	0.02
282	0.02
283	0.02
284	0.02
285	0.02
286	0.02
287	0.02
288	0.02
289	0.02
290	0.02040816326530612
291	0.02040816326530612
292	0.02040816326530612
293	0.02040816326530612
294	0.02040816326530612
295	0.02040816326530612
296	0.02040816326530612
297	0.020833333333333332
298	0.020833333333333332
299	0.020833333333333332
300	0.020833333333333332
301	0.020833333333333332
302	0.020833333333333332
303	0.020833333333333332
304	0.020833333333333332
305	0.020833333333333332
306	0.020833333333333332
307	0.021739130434782608
308	0.021739130434782608
309	0.021739130434782608
310	0.021739130434782608
311	0.021739130434782608
312	0.021739130434782608
313	0.021739130434782608
314	0.021739130434782608
315	0.021739130434782608
316	0.021739130434782608
317	0.021739130434782608
318	0.021739130434782608
319	0.021739130434782608
320	0.021739130434782608
321	0.021739130434782608
322	0.021739130434782608
323	0.021739130434782608
324	0.021739130434782608
325	0.021739130434782608
326	0.021739130434782608
327	0.021739130434782608
328	0.021739130434782608
329	0.021739130434782608
330	0.022727272727272728
331	0.022727272727272728
332	0.022727272727272728
333	0.022727272727272728
334	0.022727272727272728
335	0.023255813953488372
336	0.023255813953488372
337	0.023255813953488372
338	0.023255813953488372
339	0.023255813953488372
340	0.023255813953488372
341	0.023255813953488372
342	0.023255813953488372
343	0.023255813953488372
344	0.023255813953488372
345	0.023255813953488372
346	0.023255813953488372
347	0.023809523809523808
348	0.023809523809523808
349	0.023809523809523808
350	0.023809523809523808
351	0.023809523809523808
352	0.023809523809523808
353	0.023809523809523808
354	0.025
355	0.025
356	0.025
357	0.025
358	0.025
359	0.025
360	0.025
361	0.025
362	0.025
363	0.025
364	0.025
365	0.025
366	0.025
367	0.025
368	0.025
369	0.02564102564102564
370	0.02564102564102564
371	0.02564102564102564
372	0.02564102564102564
373	0.02564102564102564
374	0.02564102564102564
375	0.02564102564102564
376	0.02564102564102564
377	0.02564102564102564
378	0.02564102564102564
379	0.02564102564102564
380	0.02564102564102564
381	0.02564102564102564
382	0.02564102564102564
383	0.02564102564102564
384	0.02564102564102564
385	0.02564102564102564
386	0.02564102564102564
387	0.02564102564102564
388	0.02564102564102564
389	0.02564102564102564
390	0.02564102564102564
391	0.02564102564102564
392	0.02564102564102564
393	0.02564102564102564
394	0.02564102564102564
395	0.02564102564102564
396	0.02564102564102564
397	0.02564102564102564
398	0.02564102564102564
399	0.02631578947368421
400	0.02631578947368421
401	0.02631578947368421
402	0.02631578947368421
403	0.02631578947368421
404	0.02631578947368421
405	0.02631578947368421
406	0.02631578947368421
407	0.02631578947368421
408	0.02631578947368421
409	0.02631578947368421
410	0.02631578947368421
411	0.02631578947368421
412	0.02631578947368421
413	0.02631578947368421
414	0.02631578947368421
415	0.02631578947368421
416	0.02631578947368421
417	0.02631578947368421
418	0.02631578947368421
419	0.02631578947368421
420	0.027777777777777776
421	0.027777777777777776
422	0.027777777777777776
423	0.027777777777777776
424	0.02857142857142857
425	0.02857142857142857
426	0.02857142857142857
427	0.02857142857142857
428	0.02857142857142857
429	0.02857142857142857
430	0.02857142857142857
431	0.02857142857142857
432	0.02857142857142857
433	0.02857142857142857
434	0.02857142857142857
435	0.02857142857142857
436	0.02857142857142857
437	0.02857142857142857
438	0.02857142857142857
439	0.02857142857142857
440	0.02857142857142857
441